a=[1 2 3; 3 4 5; 6 7 8];
b=[7 8 9; 1 4 6; 3 5 8];
c=a+b
d=a-b
e=a*b
f=a/b
